0 0.2084375 0.40791700000000003 0.416875 0.2775
0 0.4815625 0.49333350000000004 0.6981249999999999 0.4883330000000002
0 0.1565625 0.2983335 0.011874999999999969 0.01166700000000002
0 0.17593750000000002 0.300417 0.014375000000000027 0.01250000000000003
0 0.19406250000000003 0.2966665 0.016874999999999973 0.008333000000000071
0 0.21468749999999998 0.295833 0.016874999999999973 0.010000000000000009
0 0.2334375 0.2979165 0.015625 0.0208330000000001
0 0.296875 0.29333349999999997 0.015000000000000013 0.011667000000000094
0 0.6171875 0.3054165 0.24812499999999993 0.06083299999999999
0 0.8171875 0.38625 0.286875 0.18416599999999997
0 0.7581249999999999 0.29333349999999997 0.028750000000000053 0.011667000000000094
0 0.891875 0.287083 0.04249999999999998 0.027500000000000007
0 0.9296875 0.31416649999999996 0.09062499999999996 0.06333300000000001
0 0.9515625000000001 0.4275 0.09562500000000007 0.198334
0 0.973125 0.315 0.05249999999999999 0.06500000000000002