0 0.20750000000000002 0.6398305 0.04500000000000004 0.04802300000000009
0 0.3178125 0.584275 0.03687499999999999 0.03672400000000012
0 0.3821875 0.573446 0.02562500000000001 0.03013200000000007
0 0.4153125 0.577684 0.0318750000000001 0.03483999999999997
0 0.43343750000000003 0.574388 0.023125000000000062 0.03578200000000004
0 0.4503125 0.567326 0.020625000000000004 0.03483999999999997
0 0.463125 0.536723 0.020000000000000018 0.033898000000000234
0 0.4759375 0.5550845 0.020625000000000004 0.02165700000000002
0 0.5165625 0.710452 0.08062499999999995 0.1158200000000002
0 0.5021875 0.532957 0.014375000000000027 0.015065999999999951
0 0.5246875 0.5329564999999999 0.018124999999999947 0.022598999999999925
0 0.5315624999999999 0.514595 0.016875000000000195 0.014124000000000045
0 0.5578125 0.519303 0.015625 0.01977400000000002
0 0.565 0.478814 0.008750000000000036 0.004708000000000071
0 0.5675 0.4943505 0.008750000000000036 0.011298999999999972
0 0.5700000000000001 0.460452 0.008750000000000036 0.0169500000000001
0 0.590625 0.4566855000000001 0.008750000000000036 0.009416999999999957
0 0.6443749999999999 0.5908665 0.03500000000000014 0.04237300000000011
0 0.7034374999999999 0.7782490000000001 0.1393749999999998 0.17796599999999985
0 0.6990624999999999 0.6845575 0.07437499999999986 0.020714999999999945
0 0.691875 0.670904 0.047499999999999876 0.021658000000000004
0 0.6784375 0.4797555 0.018124999999999947 0.01789100000000002
0 0.6971875000000001 0.539548 0.019375000000000142 0.0169500000000001
0 0.7053125 0.5645005 0.030625000000000124 0.03672299999999997
0 0.7053125 0.47693050000000003 0.015625 0.031072999999999993
0 0.73875 0.45856850000000005 0.012499999999999956 0.01694899999999995