0 0.0858335 0.7789205 0.171667 0.16452499999999998
0 0.125833 0.251928 0.235 0.3084839999999999
0 0.07333300000000001 0.6748069999999999 0.049999999999999996 0.043702000000000074
0 0.124167 0.6863755 0.065 0.06169700000000002
0 0.1883335 0.72108 0.11333300000000002 0.09511600000000014
0 0.3716665 0.27634949999999997 0.213333 0.19794299999999998
0 0.3308335 0.663239 0.12166699999999997 0.10797000000000005
0 0.37 0.7609255 0.18999999999999995 0.21079699999999998
0 0.43333350000000004 0.1940875 0.12333299999999991 0.08997500000000001
0 0.4275 0.6529565 0.08499999999999996 0.07712100000000002
0 0.6241665000000001 0.7442155 0.2383329999999999 0.285347
0 0.6283335 0.23907450000000002 0.24666699999999997 0.25706899999999994
0 0.6816665 0.6388175000000001 0.1133329999999999 0.0745510000000001
0 0.8733335 0.340617 0.24666699999999997 0.29563
0 0.875 0.781491 0.186666 0.2724940000000002
0 0.855 0.16452450000000002 0.046666000000000096 0.04627299999999999
0 0.9333335 0.20822600000000002 0.11666700000000008 0.13367599999999996