0 0.111875 0.745361 0.05375000000000002 0.028866000000000027
0 0.176875 0.7582475 0.0625 0.029897000000000083
0 0.2434375 0.7768045 0.05562499999999998 0.029897000000000083
0 0.30500000000000005 0.7809275 0.06000000000000005 0.029897000000000083
0 0.4075 0.6417525 0.10125000000000006 0.050515000000000025
0 0.4515625 0.667526 0.0618749999999999 0.04226800000000017
0 0.5265625 0.6448455 0.06062499999999993 0.05257700000000014
0 0.54 0.7582475 0.05125000000000002 0.029897000000000083
0 0.5834375 0.625773 0.06937499999999996 0.08247400000000003
0 0.6 0.746392 0.053749999999999964 0.030927999999999956
0 0.6487499999999999 0.73866 0.04375000000000018 0.021649999999999857
0 0.69375 0.7252575 0.043749999999999956 0.03195900000000001