0 0.49125 0.4916665 0.9400000000000001 0.626667
0 0.7646875 0.33749999999999997 0.4693749999999999 0.5099999999999999
0 0.6084375 0.1345835 0.028125000000000178 0.025832999999999995
0 0.6765625 0.15041649999999998 0.13312500000000016 0.06416700000000002
0 0.7009375 0.130417 0.06312499999999988 0.03750000000000001
0 0.856875 0.21291650000000004 0.28500000000000014 0.130833
0 0.7609375 0.1270835 0.09062500000000018 0.04416699999999999
0 0.829375 0.12208300000000001 0.03624999999999989 0.03750000000000001
0 0.8500000000000001 0.1166665 0.046250000000000124 0.03833300000000003
0 0.86625 0.1145835 0.040000000000000036 0.02916699999999998
0 0.9090625 0.1141665 0.055625000000000036 0.03333300000000002