0 0.853125 0.7362500000000001 0.27374999999999994 0.20416600000000007
0 0.103125 0.7379165 0.20625 0.22583300000000003
0 0.2303125 0.6879165 0.128125 0.14583299999999996
0 0.304375 0.6570835 0.0675 0.08416699999999988
0 0.354375 0.6475 0.040000000000000036 0.0650000000000001
0 0.3775 0.625833 0.02749999999999997 0.040000000000000036
0 0.3971875 0.6241665 0.018124999999999947 0.04333299999999992
0 0.4296875 0.605 0.05687500000000001 0.06000000000000005
0 0.45281249999999995 0.612083 0.018124999999999947 0.022499999999999964
0 0.4759375 0.58 0.018124999999999947 0.041665999999999905
0 0.49 0.624167 0.04249999999999998 0.040000000000000036
0 0.5384375 0.6208335 0.018124999999999947 0.036667000000000005
0 0.5471874999999999 0.628333 0.020624999999999893 0.055000000000000014
0 0.571875 0.6341665000000001 0.028750000000000053 0.053333
0 0.595 0.6425 0.04125000000000001 0.061666000000000075
0 0.635625 0.66125 0.0787500000000001 0.08916600000000008
0 0.7128125000000001 0.6854165 0.13687499999999986 0.12416699999999999