0 0.27875 0.6183329999999999 0.07750000000000001 0.03500000000000014
0 0.411875 0.61125 0.036250000000000004 0.030834000000000028
0 0.4378125 0.6079169999999999 0.015625 0.017499999999999922
0 0.451875 0.6070829999999999 0.007500000000000062 0.012500000000000178
0 0.4596875 0.605417 0.005624999999999991 0.012499999999999881
0 0.4715625 0.602083 0.013125000000000053 0.01250000000000003
0 0.48343749999999996 0.6062500000000001 0.01937499999999992 0.01750000000000007
0 0.50625 0.602083 0.012499999999999956 0.01250000000000003
0 0.5190625 0.6029165 0.010625000000000107 0.010833000000000018
0 0.5315624999999999 0.595833 0.009374999999999911 0.009999999999999787
0 0.5753125 0.6120835 0.01937499999999992 0.019166999999999934
0 0.7484375 0.6783334999999999 0.21562499999999996 0.13666699999999987
0 0.8278125000000001 0.753333 0.3431250000000001 0.20999999999999996