0 0.7441665000000001 0.6174999999999999 0.34166699999999994 0.19874999999999998
0 0.1495835 0.280625 0.299167 0.13
0 0.11458349999999999 0.35124999999999995 0.09083299999999998 0.06000000000000005
0 0.212083 0.5759375 0.2825 0.150625
0 0.26625000000000004 0.3325 0.10250000000000004 0.05624999999999991
0 0.29749999999999993 0.3103125 0.09333400000000003 0.05312499999999998
0 0.35458300000000004 0.3925 0.2025 0.08750000000000002
0 0.3625 0.4715625 0.20500000000000004 0.09562500000000007
0 0.399167 0.326875 0.09500000000000004 0.06499999999999995
0 0.41291649999999996 0.28218750000000004 0.10083300000000002 0.026874999999999982
0 0.6791665 0.4965625 0.27333300000000005 0.1243749999999999
0 0.6704165 0.4403125 0.2091670000000001 0.104375
0 0.6437499999999999 0.3625 0.10250000000000004 0.06125000000000003
0 0.9075000000000001 0.606875 0.18333400000000002 0.16749999999999998
0 0.9645835000000001 0.5059374999999999 0.0691670000000002 0.075625