0 0.02125 0.56125 0.0425 0.03916599999999996
0 0.0471875 0.634167 0.094375 0.14500000000000002
0 0.44125 0.5904165 0.8825 0.11916700000000002
0 0.050312499999999996 0.585417 0.06187499999999999 0.06750000000000005
0 0.059687500000000004 0.55875 0.020625000000000004 0.020834000000000092
0 0.125 0.5845835 0.11249999999999999 0.07583299999999997
0 0.23625000000000002 0.593333 0.11875000000000002 0.055000000000000014
0 0.320625 0.6008334999999999 0.08499999999999996 0.06333300000000008
0 0.5490625 0.61375 0.14437499999999992 0.0625
0 0.63 0.6145835000000001 0.07624999999999993 0.06416700000000002
0 0.6937500000000001 0.6141665000000001 0.0674999999999999 0.053333
0 0.7584375 0.6195835 0.14437499999999992 0.07416699999999994
0 0.715625 0.6025 0.04875000000000007 0.014999999999999977
0 0.8371875 0.61125 0.09812500000000002 0.06750000000000005