0 0.9550000000000001 0.8501829999999999 0.08999999999999986 0.27771
0 0.10625 0.7570035 0.2125 0.135201
0 0.1575 0.72229 0.315 0.1047500000000001
0 0.03 0.8233865 0.057499999999999996 0.14129100000000003
0 0.28031249999999996 0.8842875 0.428125 0.22898900000000003
0 0.515625 0.8465285 0.16500000000000004 0.3045069999999999
0 0.600625 0.7235079999999999 0.06374999999999997 0.12180200000000004
0 0.7175 0.7088915 0.043749999999999956 0.10231499999999995
0 0.77875 0.7460414999999999 0.08999999999999986 0.16199699999999978
0 0.8425 0.8124235000000001 0.15249999999999986 0.21924499999999994
0 0.8590625000000001 0.7046285 0.0731250000000001 0.07917099999999984
0 0.8878125 0.7320340000000001 0.07937499999999997 0.10962199999999993