0 0.4663245 0.8496170000000001 0.30788899999999997 0.2854400000000001
0 0.173188 0.7078544999999999 0.173188 0.11302700000000016
0 0.6177035 0.705939 0.08980100000000002 0.12068999999999992
0 0.6516995 0.623563 0.07825499999999996 0.09003800000000002
0 0.66517 0.4578545 0.059012000000000064 0.06896499999999996
0 0.704618 0.7375480000000001 0.130212 0.18773999999999993
0 0.809814 0.8510535000000001 0.335472 0.29597700000000005
0 0.695959 0.322797 0.03848600000000002 0.04789200000000005
0 0.7017315 0.35919499999999993 0.039769000000000165 0.051724
0 0.699808 0.39750949999999996 0.020526000000000044 0.04789300000000001
0 0.7062219999999999 0.37835250000000004 0.033354000000000106 0.044060999999999906
0 0.7132780000000001 0.309387 0.03207199999999988 0.055555999999999946
0 0.7398975 0.4463599999999999 0.04169299999999998 0.04980800000000011
0 0.7431045000000001 0.262452 0.04297700000000004 0.030652000000000058
0 0.7463115 0.4703065 0.04939099999999996 0.055554999999999986
0 0.7508015 0.5086205 0.05837099999999995 0.07471300000000013
0 0.7649135 0.5680075 0.07376499999999986 0.07471299999999996
0 0.7738935 0.657088 0.08915899999999999 0.09195400000000008
0 0.7735725 0.23563249999999997 0.033355000000000024 0.045976999999999955
0 0.8248880000000001 0.6915709999999999 0.12315599999999982 0.06130200000000019