0 0.02875 0.22958349999999997 0.0575 0.04416699999999999
0 0.0534375 0.906667 0.106875 0.18499999999999991
0 0.4196875 0.240833 0.839375 0.10000000000000002
0 0.514375 0.5454165 0.97 0.719167
0 0.285 0.2329165 0.08250000000000002 0.06583299999999996
0 0.343125 0.22458350000000002 0.12874999999999992 0.06916699999999998
0 0.4090625 0.22875 0.16062500000000002 0.07416599999999995
0 0.7675000000000001 0.412917 0.4637500000000001 0.37749999999999995
0 0.6965625 0.21333349999999998 0.08937499999999998 0.053333
0 0.7906249999999999 0.2045835 0.10749999999999993 0.035833000000000004
0 0.8696875 0.2883335 0.2593749999999999 0.15833299999999997