0 0.026875 0.545 0.05375 0.03999999999999989
0 0.0721875 0.6145835000000001 0.12562500000000001 0.08083300000000015
0 0.08125 0.51625 0.024999999999999994 0.025833999999999985
0 0.1090625 0.5154165 0.02812500000000001 0.020832999999999952
0 0.203125 0.6533335 0.19374999999999998 0.10666700000000014
0 0.1484375 0.5154165 0.03437499999999999 0.024166999999999977
0 0.17625 0.51625 0.03125 0.025833999999999985
0 0.308125 0.6862499999999999 0.26375000000000004 0.13083400000000012
0 0.21875 0.5120835 0.04125000000000001 0.020832999999999952
0 0.6109375 0.58 0.776875 0.11833400000000009
0 0.3859375 0.72625 0.32437499999999997 0.18416599999999997
0 0.291875 0.5079170000000001 0.04500000000000004 0.022499999999999964
0 0.4475 0.5154165 0.04125000000000001 0.030833000000000037
0 0.77625 0.8475000000000001 0.3812500000000001 0.30333400000000016