0 0.469238 0.5314785000000001 0.80957 0.691069
0 0.04541 0.270132 0.09082 0.09516799999999995
0 0.086426 0.2540265 0.041992 0.06295700000000003
0 0.161133 0.27818450000000006 0.10742200000000002 0.10248900000000005
0 0.28417950000000003 0.2877015 0.11328099999999999 0.10688100000000003
0 0.30810550000000003 0.24670550000000002 0.053711000000000064 0.05710100000000006
0 0.3852535 0.24084949999999997 0.06738299999999997 0.08052700000000006
0 0.40625 0.25329399999999996 0.042968000000000006 0.07027799999999997
0 0.921875 0.304539 0.13281199999999993 0.09370399999999995
0 0.970703 0.26720350000000004 0.02343800000000007 0.016105000000000053
0 0.9858395 0.28916549999999996 0.02636700000000003 0.030747000000000007