0 0.8132815 0.3039065 0.332813 0.38281299999999996
0 0.051563 0.4593755 0.09375 0.07187500000000002
0 0.1218755 0.458594 0.109375 0.07031200000000004
0 0.1929685 0.46171850000000003 0.08281300000000003 0.05468699999999993
0 0.2398435 0.4703125 0.010936999999999975 0.04062499999999991
0 0.284375 0.47187500000000004 0.06874999999999998 0.043749999999999956
0 0.32890600000000003 0.475 0.03906199999999993 0.03437599999999996
0 0.383594 0.476563 0.09531200000000006 0.03125
0 0.5570315 0.479688 0.03281299999999998 0.03125
0 0.582031 0.475 0.03906199999999993 0.050000000000000044
0 0.588281 0.458594 0.05156200000000011 0.06718800000000003
0 0.625 0.435156 0.05312600000000001 0.082812
0 0.660156 0.43046850000000003 0.06093800000000016 0.11718699999999993
0 0.7312505 0.3953125 0.12812500000000004 0.19687500000000002