0 0.0565625 0.17458300000000002 0.104375 0.0625
0 0.48812500000000003 0.5525000000000001 0.9000000000000001 0.835
0 0.14125 0.1633335 0.065 0.018333000000000006
0 0.2825 0.152917 0.17875 0.03249999999999997
0 0.221875 0.15874999999999997 0.04749999999999999 0.02083400000000002
0 0.25625 0.15625 0.03125 0.025833999999999985
0 0.348125 0.14625000000000002 0.04125000000000001 0.012499999999999992
0 0.4365625 0.1445835 0.135625 0.070833
0 0.7675000000000001 0.1416665 0.4637500000000001 0.09666700000000002
0 0.8115625 0.1408335 0.06437500000000007 0.046667000000000014
0 0.9059375000000001 0.138333 0.12437500000000012 0.10000000000000002
0 0.98375 0.15458349999999998 0.03125 0.06416700000000002