0 0.13 0.36281900000000006 0.24 0.20389800000000002
0 0.0615 0.26986550000000004 0.091 0.07796100000000002
0 0.166 0.2751125 0.13 0.11844099999999998
0 0.25 0.2593705 0.07199999999999995 0.056971000000000036
0 0.48050000000000004 0.3530735 0.371 0.20539700000000002
0 0.32199999999999995 0.2496255 0.04800000000000004 0.061469000000000044
0 0.363 0.26986550000000004 0.09599999999999997 0.07796100000000002
0 0.675 0.614693 0.6480000000000001 0.7676159999999999
0 0.46799999999999997 0.24512750000000003 0.052000000000000046 0.02548700000000001
0 0.562 0.292354 0.15600000000000008 0.08695600000000006
0 0.6915 0.2818595 0.14300000000000002 0.10194900000000001
0 0.78 0.2826085 0.1299999999999999 0.09445299999999998
0 0.885 0.33433300000000005 0.22799999999999998 0.1289359999999999
0 0.8560000000000001 0.2743625 0.08800000000000008 0.06596699999999997
0 0.9435 0.290105 0.10699999999999998 0.04947599999999998