0 0.13874999999999998 0.6275 0.135 0.08833399999999998
0 0.29625 0.6024999999999999 0.09749999999999995 0.07833400000000006
0 0.476875 0.555833 0.09875 0.08499999999999996
0 0.6212500000000001 0.585833 0.10999999999999988 0.09500000000000004
0 0.6575 0.465 0.07750000000000012 0.06999999999999999
0 0.674375 0.5766665 0.0987499999999999 0.08333299999999995
0 0.685 0.5008330000000001 0.08499999999999996 0.055000000000000014
0 0.709375 0.4783335 0.08624999999999994 0.05666700000000002
0 0.7124999999999999 0.5591665 0.08000000000000007 0.07833300000000006
0 0.756875 0.561667 0.08374999999999999 0.07999999999999992
0 0.875625 0.5075 0.08624999999999994 0.0650000000000001
0 0.905 0.5016665 0.08999999999999986 0.06666699999999996
0 0.945625 0.4941665 0.09375 0.06166700000000006