0 0.483125 0.6575000000000001 0.88375 0.536666
0 0.0334375 0.41375 0.066875 0.134166
0 0.19187500000000002 0.40708300000000003 0.1725 0.11750000000000001
0 0.41031249999999997 0.38625 0.06437500000000007 0.03083399999999988
0 0.4915625 0.38625 0.08062499999999995 0.03749999999999994
0 0.7196875 0.4862499999999999 0.5306250000000001 0.22750000000000004
0 0.5484375 0.3879165 0.04437500000000005 0.040832999999999973
0 0.590625 0.3833335 0.040000000000000036 0.04666699999999994
0 0.6268750000000001 0.382917 0.03874999999999984 0.027500000000000007
0 0.71875 0.3741665 0.03875000000000006 0.02833299999999994
0 0.7621875 0.3779165 0.02187500000000009 0.024166999999999977
0 0.8753124999999999 0.47083349999999996 0.24812499999999993 0.196667
0 0.7996875 0.37875 0.04562500000000003 0.025833999999999985