1 0.01 0.5703564999999999 0.02 0.01688500000000004
1 0.04625 0.3424015 0.01625 0.015008999999999922
1 0.09468750000000001 0.6060035 0.02562500000000001 0.015009000000000088
1 0.10218749999999999 0.802533 0.030625000000000013 0.019699999999999857
1 0.2253125 0.6458725 0.030625000000000013 0.0178230000000001
1 0.2453125 0.855066 0.034375000000000044 0.021575999999999974
1 0.2796875 0.413227 0.02187500000000009 0.014072000000000001
1 0.3515625 0.6937150000000001 0.02937500000000004 0.017824000000000072
1 0.34968750000000004 0.4409005 0.023125000000000062 0.015008999999999922
1 0.3759375 0.924484 0.03687499999999999 0.02532799999999988
1 0.45406250000000004 0.4643525 0.02187500000000009 0.015009000000000088
1 0.491875 0.75 0.03375000000000006 0.017824000000000072
1 0.521875 0.977955 0.040000000000000036 0.0309559999999999
1 0.5621875000000001 0.5009380000000001 0.02312499999999984 0.015009999999999893
1 0.6340625 0.7969040000000001 0.03312500000000007 0.017824000000000072
1 0.6684375 0.533302 0.028124999999999956 0.015947999999999952
1 0.7971874999999999 0.5727015000000001 0.02937499999999993 0.0178230000000001
1 0.9496875 0.910882 0.038124999999999964 0.024390000000000155
1 0.9565625 0.6158535 0.031874999999999876 0.015946999999999982