0 0.525625 0.5736395 0.8387500000000001 0.6163230000000001
0 0.055 0.4047845 0.11 0.203565
0 0.12625 0.31988750000000005 0.0675 0.08067499999999998
0 0.1146875 0.291276 0.03687499999999999 0.04971800000000003
0 0.205625 0.23545950000000004 0.03249999999999997 0.054408999999999964
0 0.464375 0.2856475 0.08374999999999999 0.12288899999999997
0 0.54625 0.293152 0.050000000000000044 0.10412799999999997
0 0.559375 0.23170749999999996 0.02375000000000016 0.04878099999999994
0 0.785625 0.4479365 0.36125000000000007 0.3405250000000002
0 0.7846875 0.30581600000000003 0.12437500000000012 0.07129400000000001
0 0.968125 0.394465 0.0625 0.13227000000000003