0 0.12656250000000002 0.1473005 0.11562499999999999 0.059858999999999996
0 0.210625 0.153756 0.09875 0.06338
0 0.33625 0.148474 0.09375 0.066902
0 0.3853125 0.166667 0.07187500000000002 0.06572799999999997
0 0.6475 0.488263 0.5800000000000001 0.58216
0 0.4328125 0.1678405 0.07937499999999997 0.06807500000000001
0 0.47968750000000004 0.16373250000000003 0.06812499999999999 0.05281699999999997
0 0.536875 0.174296 0.05875000000000008 0.06455399999999999
0 0.59625 0.198357 0.11125000000000007 0.08920200000000002
0 0.6890625 0.192488 0.07937499999999997 0.08215999999999998
0 0.9603125 0.3485915 0.078125 0.20657299999999992