1 0.0684375 0.5136025 0.019375000000000003 0.02720499999999997
1 0.1075 0.6758915 0.03125 0.014070999999999861
1 0.19 0.5009380000000001 0.013749999999999984 0.016886000000000012
1 0.27156250000000004 0.5905255 0.023125000000000062 0.02720499999999997
1 0.4265625 0.5272045 0.015625 0.018760999999999993
1 0.4565625 0.6969985000000001 0.03187499999999999 0.01313299999999997
1 0.47843749999999996 0.621951 0.024375000000000036 0.016886000000000012
1 0.49374999999999997 0.5 0.016249999999999987 0.018761999999999963
1 0.6046875 0.479831 0.015625 0.014072000000000001
1 0.69625 0.8747655000000001 0.03624999999999989 0.015946999999999982
1 0.72375 0.5942780000000001 0.022499999999999964 0.023452000000000094
1 0.778125 0.575985 0.013749999999999929 0.013134000000000107
1 0.8121875 0.6454035 0.02562500000000001 0.01688500000000004
1 0.9765625 0.43480300000000005 0.024375000000000036 0.019700000000000023