0 0.4646875 0.5318649999999999 0.929375 0.20524799999999987
0 0.07343749999999999 0.4048735 0.140625 0.07122700000000005
0 0.081875 0.9437679999999999 0.14500000000000002 0.09934399999999997
0 0.1821875 0.673852 0.07687500000000003 0.052483999999999885
0 0.19906249999999998 0.658388 0.07937499999999997 0.0403
0 0.1790625 0.42549200000000004 0.016874999999999973 0.01686999999999996
0 0.24375 0.7661665 0.10749999999999998 0.06279300000000013
0 0.218125 0.42174300000000003 0.015000000000000013 0.016870000000000128
0 0.2778125 0.6771325 0.09312500000000001 0.045923
0 0.44375 0.8364575 0.14375000000000004 0.09653300000000005
0 0.44562500000000005 0.7432055 0.09624999999999995 0.059980999999999896
0 0.446875 0.6766635000000001 0.08374999999999999 0.05060900000000008
0 0.5290625 0.6405814999999999 0.0731250000000001 0.045923
0 0.549375 0.4189315 0.008750000000000036 0.01499499999999998
0 0.6390625 0.9831305 0.16312499999999996 0.03186500000000011
0 0.5665625 0.424555 0.015625 0.011245999999999992
0 0.6659375000000001 0.6452675 0.06312499999999988 0.036551000000000014
0 0.6590625 0.4189319999999999 0.015625 0.01874399999999997
0 0.6868749999999999 0.6677605 0.05624999999999991 0.036551000000000014
0 0.6990624999999999 0.6865040000000001 0.07562500000000005 0.04217400000000001
0 0.7446875 0.7450795 0.08937499999999998 0.05998100000000023
0 0.805625 0.8378629999999999 0.12375000000000003 0.06935400000000001
0 0.8284374999999999 0.725867 0.07562500000000005 0.04779799999999998
0 0.901875 0.8045925 0.10375000000000001 0.06279300000000013
0 0.9290625 0.47000949999999997 0.140625 0.05154699999999997
0 0.9356249999999999 0.6119959999999999 0.12749999999999995 0.15557599999999988