0 0.0834375 0.10432300000000001 0.166875 0.07330799999999997
0 0.1396875 0.15601500000000001 0.279375 0.15789399999999998
0 0.255 0.28900349999999997 0.51 0.30357100000000004
0 0.085625 0.0733085 0.05499999999999999 0.018797000000000008
0 0.13156250000000003 0.09257549999999999 0.13687500000000002 0.06860899999999998
0 0.09843750000000001 0.0733085 0.06562499999999999 0.018797000000000008
0 0.48375 0.4840224999999999 0.8300000000000001 0.7838350000000001
0 0.5409375 0.058740499999999994 0.07687500000000003 0.029135
0 0.5346875 0.068139 0.059374999999999956 0.029136000000000002
0 0.5865625 0.0615605 0.06062499999999993 0.031015000000000008
0 0.6012500000000001 0.0606205 0.046250000000000124 0.032895000000000015
0 0.659375 0.0606205 0.047499999999999876 0.029135
0 0.67875 0.0625 0.04999999999999982 0.02537600000000001
0 0.93875 0.09539450000000001 0.12124999999999986 0.06672900000000001